100 6006
200 10319
300 15163
400 20197
500 24926
600 30149
700 34962
800 39986
900 44835
1000 49840
1100 55051
1200 59750
1300 64621
1400 69547
1500 78424
1600 79381
1700 86299
1800 89253
1900 93868
2000 98873
2100 108270
2200 111847
2300 114937
2400 118405
2500 123470
2600 131135
2700 133462
2800 145391
2900 210663
3000 148321
3100 153284
3200 163927
3300 162636
3400 168017
3500 172976
3600 177670
3700 182350
3800 187511
3900 192347
4000 200357
4100 202655
4200 218141
4300 212470
4400 217428
4500 221855
4600 229523
4700 231569
4800 236823
4900 241862
5000 246936
5100 251540
5200 256916
5300 261396
5400 268541
5500 271205
5600 277147
5700 280735
5800 286505
5900 291194
6000 295589
6100 302045
6200 305667
6300 311127
6400 318057
6500 320445
6600 325652
6700 335457
6800 341904
6900 340155
7000 351199
7100 357391
7200 354777
7300 360115
7400 367174
7500 377276
7600 374723
7700 380205
7800 388609
7900 396521
8000 396212
8100 411584
8200 404708
8300 413598
8400 486913
8500 419674
8600 423979
8700 429392
8800 434123
8900 441132
9000 450847
9100 451951
9200 455671
9300 461162
9400 465510
9500 516169
9600 527031
9700 478949
9800 482952
9900 487633
10000 492878

